camera_matrix:
  rows: 3
  cols: 3
  data: [560.5987265752326, 0.0, 333.44121927148484, 0.0, 560.8467532972148, 256.6817170108596,
    0.0, 0.0, 1.0]
dist_coeffs: [0.03750269587088673, 0.003236356096384038, -0.0026337700063906793, 0.006409537422886694,
  0.2854141482225779]
resolution: {width: 0, height: 0}
