camera_matrix:
  rows: 3
  cols: 3
  data: [868.7294478967913, 0.0, 270.58638444283866,
         0.0, 878.7865125564125, 131.2476089118016,
         0.0, 0.0, 1.0]

dist_coeffs: [0.2680756381591087, -1.629380954290668, -0.058536953993680106,
              -0.01668948901098457, 9.859233430325935]

resolution:
  width: 640
  height: 480
